8.000E+01 0.661E+00 0.400E+00 5.200E+04 1.000E+00 1.000E-06 1.000E-02 1763
    1       0.0000000000000000       0.0000000000000000
    2       0.0297619048506021       0.0000000000000000
    3       0.0595238097012043       0.0000000000000000
    4       0.0892857164144516       0.0000000000000000
    5       0.1190476194024086       0.0000000000000000
    6       0.1488095223903656       0.0000000000000000
    7       0.1785714328289032       0.0000000000000000
    8       0.2083333432674408       0.0000000000000000
    9       0.2380952388048172       0.0000000000000000
   10       0.2678571343421936       0.0000000000000000
   11       0.2976190447807312       0.0000000000000000
   12       0.3273809552192688       0.0000000000000000
   13       0.3571428656578064       0.0000000000000000
   14       0.3869047760963440       0.0000000000000000
   15       0.4166666865348816       0.0000000000000000
   16       0.4464285969734192       0.0000000000000000
   17       0.4761904776096344       0.0000000000000000
   18       0.5059523582458496       0.0000000000000000
   19       0.5357142686843872       0.0000000000000000
   20       0.5654761791229248       0.0000000000000000
   21       0.5952380895614624       0.0000000000000000
   22       0.6250000000000000       0.0000000000000000
   23       0.6547619104385376       0.0000000000000000
   24       0.6845238208770752       0.0000000000000000
   25       0.7142857313156128       0.0000000000000000
   26       0.7440476417541504       0.0000000000000000
   27       0.7738095521926880       0.0000000000000000
   28       0.8035714030265808       0.0000000000000000
   29       0.8333333730697632       0.0000000000000000
   30       0.8630952239036560       0.0000000000000000
   31       0.8928571939468384       0.0000000000000000
   32       0.9226190447807312       0.0000000000000000
   33       0.9523809552192688       0.0000000000000000
   34       0.9821429252624512       0.0000000000000000
   35       1.0119047164916992       0.0000000000000000
   36       1.0416667461395264       0.0000000000000000
   37       1.0714285373687744       0.0000000000000000
   38       1.1011905670166016       0.0000000000000000
   39       1.1309523582458496       0.0000000000000000
   40       1.1607143878936768       0.0000000000000000
   41       1.1904761791229248       0.0000000000000000
   42       1.2202380895614624       0.0000000000000000
   43       1.2500000000000000       0.0000000000000000
   44       0.0000000000000000       0.0300000011920929
   44       0.0000000000000000      -0.0300000011920929
   45       0.0297619048506021       0.0300000011920929
   45       0.0297619048506021      -0.0300000011920929
   46       0.0595238097012043       0.0300000011920929
   46       0.0595238097012043      -0.0300000011920929
   47       0.0892857164144516       0.0300000011920929
   47       0.0892857164144516      -0.0300000011920929
   48       0.1190476194024086       0.0300000011920929
   48       0.1190476194024086      -0.0300000011920929
   49       0.1488095223903656       0.0300000011920929
   49       0.1488095223903656      -0.0300000011920929
   50       0.1785714328289032       0.0300000011920929
   50       0.1785714328289032      -0.0300000011920929
   51       0.2083333432674408       0.0300000011920929
   51       0.2083333432674408      -0.0300000011920929
   52       0.2380952388048172       0.0300000011920929
   52       0.2380952388048172      -0.0300000011920929
   53       0.2678571343421936       0.0300000011920929
   53       0.2678571343421936      -0.0300000011920929
   54       0.2976190447807312       0.0300000011920929
   54       0.2976190447807312      -0.0300000011920929
   55       0.3273809552192688       0.0300000011920929
   55       0.3273809552192688      -0.0300000011920929
   56       0.3571428656578064       0.0300000011920929
   56       0.3571428656578064      -0.0300000011920929
   57       0.3869047760963440       0.0300000011920929
   57       0.3869047760963440      -0.0300000011920929
   58       0.4166666865348816       0.0300000011920929
   58       0.4166666865348816      -0.0300000011920929
   59       0.4464285969734192       0.0300000011920929
   59       0.4464285969734192      -0.0300000011920929
   60       0.4761904776096344       0.0300000011920929
   60       0.4761904776096344      -0.0300000011920929
   61       0.5059523582458496       0.0300000011920929
   61       0.5059523582458496      -0.0300000011920929
   62       0.5357142686843872       0.0300000011920929
   62       0.5357142686843872      -0.0300000011920929
   63       0.5654761791229248       0.0300000011920929
   63       0.5654761791229248      -0.0300000011920929
   64       0.5952380895614624       0.0300000011920929
   64       0.5952380895614624      -0.0300000011920929
   65       0.6250000000000000       0.0300000011920929
   65       0.6250000000000000      -0.0300000011920929
   66       0.6547619104385376       0.0300000011920929
   66       0.6547619104385376      -0.0300000011920929
   67       0.6845238208770752       0.0300000011920929
   67       0.6845238208770752      -0.0300000011920929
   68       0.7142857313156128       0.0300000011920929
   68       0.7142857313156128      -0.0300000011920929
   69       0.7440476417541504       0.0300000011920929
   69       0.7440476417541504      -0.0300000011920929
   70       0.7738095521926880       0.0300000011920929
   70       0.7738095521926880      -0.0300000011920929
   71       0.8035714030265808       0.0300000011920929
   71       0.8035714030265808      -0.0300000011920929
   72       0.8333333730697632       0.0300000011920929
   72       0.8333333730697632      -0.0300000011920929
   73       0.8630952239036560       0.0300000011920929
   73       0.8630952239036560      -0.0300000011920929
   74       0.8928571939468384       0.0300000011920929
   74       0.8928571939468384      -0.0300000011920929
   75       0.9226190447807312       0.0300000011920929
   75       0.9226190447807312      -0.0300000011920929
   76       0.9523809552192688       0.0300000011920929
   76       0.9523809552192688      -0.0300000011920929
   77       0.9821429252624512       0.0300000011920929
   77       0.9821429252624512      -0.0300000011920929
   78       1.0119047164916992       0.0300000011920929
   78       1.0119047164916992      -0.0300000011920929
   79       1.0416667461395264       0.0300000011920929
   79       1.0416667461395264      -0.0300000011920929
   80       1.0714285373687744       0.0300000011920929
   80       1.0714285373687744      -0.0300000011920929
   81       1.1011905670166016       0.0300000011920929
   81       1.1011905670166016      -0.0300000011920929
   82       1.1309523582458496       0.0300000011920929
   82       1.1309523582458496      -0.0300000011920929
   83       1.1607143878936768       0.0300000011920929
   83       1.1607143878936768      -0.0300000011920929
   84       1.1904761791229248       0.0300000011920929
   84       1.1904761791229248      -0.0300000011920929
   85       1.2202380895614624       0.0300000011920929
   85       1.2202380895614624      -0.0300000011920929
   86       1.2500000000000000       0.0300000011920929
   86       1.2500000000000000      -0.0300000011920929
   87       0.0000000000000000       0.0600000023841858
   87       0.0000000000000000      -0.0600000023841858
   88       0.0297619048506021       0.0600000023841858
   88       0.0297619048506021      -0.0600000023841858
   89       0.0595238097012043       0.0600000023841858
   89       0.0595238097012043      -0.0600000023841858
   90       0.0892857164144516       0.0600000023841858
   90       0.0892857164144516      -0.0600000023841858
   91       0.1190476194024086       0.0600000023841858
   91       0.1190476194024086      -0.0600000023841858
   92       0.1488095223903656       0.0600000023841858
   92       0.1488095223903656      -0.0600000023841858
   93       0.1785714328289032       0.0600000023841858
   93       0.1785714328289032      -0.0600000023841858
   94       0.2083333432674408       0.0600000023841858
   94       0.2083333432674408      -0.0600000023841858
   95       0.2380952388048172       0.0600000023841858
   95       0.2380952388048172      -0.0600000023841858
   96       0.2678571343421936       0.0600000023841858
   96       0.2678571343421936      -0.0600000023841858
   97       0.2976190447807312       0.0600000023841858
   97       0.2976190447807312      -0.0600000023841858
   98       0.3273809552192688       0.0600000023841858
   98       0.3273809552192688      -0.0600000023841858
   99       0.3571428656578064       0.0600000023841858
   99       0.3571428656578064      -0.0600000023841858
  100       0.3869047760963440       0.0600000023841858
  100       0.3869047760963440      -0.0600000023841858
  101       0.4166666865348816       0.0600000023841858
  101       0.4166666865348816      -0.0600000023841858
  102       0.4464285969734192       0.0600000023841858
  102       0.4464285969734192      -0.0600000023841858
  103       0.4761904776096344       0.0600000023841858
  103       0.4761904776096344      -0.0600000023841858
  104       0.5059523582458496       0.0600000023841858
  104       0.5059523582458496      -0.0600000023841858
  105       0.5357142686843872       0.0600000023841858
  105       0.5357142686843872      -0.0600000023841858
  106       0.5654761791229248       0.0600000023841858
  106       0.5654761791229248      -0.0600000023841858
  107       0.5952380895614624       0.0600000023841858
  107       0.5952380895614624      -0.0600000023841858
  108       0.6250000000000000       0.0600000023841858
  108       0.6250000000000000      -0.0600000023841858
  109       0.6547619104385376       0.0600000023841858
  109       0.6547619104385376      -0.0600000023841858
  110       0.6845238208770752       0.0600000023841858
  110       0.6845238208770752      -0.0600000023841858
  111       0.7142857313156128       0.0600000023841858
  111       0.7142857313156128      -0.0600000023841858
  112       0.7440476417541504       0.0600000023841858
  112       0.7440476417541504      -0.0600000023841858
  113       0.7738095521926880       0.0600000023841858
  113       0.7738095521926880      -0.0600000023841858
  114       0.8035714030265808       0.0600000023841858
  114       0.8035714030265808      -0.0600000023841858
  115       0.8333333730697632       0.0600000023841858
  115       0.8333333730697632      -0.0600000023841858
  116       0.8630952239036560       0.0600000023841858
  116       0.8630952239036560      -0.0600000023841858
  117       0.8928571939468384       0.0600000023841858
  117       0.8928571939468384      -0.0600000023841858
  118       0.9226190447807312       0.0600000023841858
  118       0.9226190447807312      -0.0600000023841858
  119       0.9523809552192688       0.0600000023841858
  119       0.9523809552192688      -0.0600000023841858
  120       0.9821429252624512       0.0600000023841858
  120       0.9821429252624512      -0.0600000023841858
  121       1.0119047164916992       0.0600000023841858
  121       1.0119047164916992      -0.0600000023841858
  122       1.0416667461395264       0.0600000023841858
  122       1.0416667461395264      -0.0600000023841858
  123       1.0714285373687744       0.0600000023841858
  123       1.0714285373687744      -0.0600000023841858
  124       1.1011905670166016       0.0600000023841858
  124       1.1011905670166016      -0.0600000023841858
  125       1.1309523582458496       0.0600000023841858
  125       1.1309523582458496      -0.0600000023841858
  126       1.1607143878936768       0.0600000023841858
  126       1.1607143878936768      -0.0600000023841858
  127       1.1904761791229248       0.0600000023841858
  127       1.1904761791229248      -0.0600000023841858
  128       1.2202380895614624       0.0600000023841858
  128       1.2202380895614624      -0.0600000023841858
  129       1.2500000000000000       0.0600000023841858
  129       1.2500000000000000      -0.0600000023841858
  130       0.0000000000000000       0.0900000035762787
  130       0.0000000000000000      -0.0900000035762787
  131       0.0297619048506021       0.0900000035762787
  131       0.0297619048506021      -0.0900000035762787
  132       0.0595238097012043       0.0900000035762787
  132       0.0595238097012043      -0.0900000035762787
  133       0.0892857164144516       0.0900000035762787
  133       0.0892857164144516      -0.0900000035762787
  134       0.1190476194024086       0.0900000035762787
  134       0.1190476194024086      -0.0900000035762787
  135       0.1488095223903656       0.0900000035762787
  135       0.1488095223903656      -0.0900000035762787
  136       0.1785714328289032       0.0900000035762787
  136       0.1785714328289032      -0.0900000035762787
  137       0.2083333432674408       0.0900000035762787
  137       0.2083333432674408      -0.0900000035762787
  138       0.2380952388048172       0.0900000035762787
  138       0.2380952388048172      -0.0900000035762787
  139       0.2678571343421936       0.0900000035762787
  139       0.2678571343421936      -0.0900000035762787
  140       0.2976190447807312       0.0900000035762787
  140       0.2976190447807312      -0.0900000035762787
  141       0.3273809552192688       0.0900000035762787
  141       0.3273809552192688      -0.0900000035762787
  142       0.3571428656578064       0.0900000035762787
  142       0.3571428656578064      -0.0900000035762787
  143       0.3869047760963440       0.0900000035762787
  143       0.3869047760963440      -0.0900000035762787
  144       0.4166666865348816       0.0900000035762787
  144       0.4166666865348816      -0.0900000035762787
  145       0.4464285969734192       0.0900000035762787
  145       0.4464285969734192      -0.0900000035762787
  146       0.4761904776096344       0.0900000035762787
  146       0.4761904776096344      -0.0900000035762787
  147       0.5059523582458496       0.0900000035762787
  147       0.5059523582458496      -0.0900000035762787
  148       0.5357142686843872       0.0900000035762787
  148       0.5357142686843872      -0.0900000035762787
  149       0.5654761791229248       0.0900000035762787
  149       0.5654761791229248      -0.0900000035762787
  150       0.5952380895614624       0.0900000035762787
  150       0.5952380895614624      -0.0900000035762787
  151       0.6250000000000000       0.0900000035762787
  151       0.6250000000000000      -0.0900000035762787
  152       0.6547619104385376       0.0900000035762787
  152       0.6547619104385376      -0.0900000035762787
  153       0.6845238208770752       0.0900000035762787
  153       0.6845238208770752      -0.0900000035762787
  154       0.7142857313156128       0.0900000035762787
  154       0.7142857313156128      -0.0900000035762787
  155       0.7440476417541504       0.0900000035762787
  155       0.7440476417541504      -0.0900000035762787
  156       0.7738095521926880       0.0900000035762787
  156       0.7738095521926880      -0.0900000035762787
  157       0.8035714030265808       0.0900000035762787
  157       0.8035714030265808      -0.0900000035762787
  158       0.8333333730697632       0.0900000035762787
  158       0.8333333730697632      -0.0900000035762787
  159       0.8630952239036560       0.0900000035762787
  159       0.8630952239036560      -0.0900000035762787
  160       0.8928571939468384       0.0900000035762787
  160       0.8928571939468384      -0.0900000035762787
  161       0.9226190447807312       0.0900000035762787
  161       0.9226190447807312      -0.0900000035762787
  162       0.9523809552192688       0.0900000035762787
  162       0.9523809552192688      -0.0900000035762787
  163       0.9821429252624512       0.0900000035762787
  163       0.9821429252624512      -0.0900000035762787
  164       1.0119047164916992       0.0900000035762787
  164       1.0119047164916992      -0.0900000035762787
  165       1.0416667461395264       0.0900000035762787
  165       1.0416667461395264      -0.0900000035762787
  166       1.0714285373687744       0.0900000035762787
  166       1.0714285373687744      -0.0900000035762787
  167       1.1011905670166016       0.0900000035762787
  167       1.1011905670166016      -0.0900000035762787
  168       1.1309523582458496       0.0900000035762787
  168       1.1309523582458496      -0.0900000035762787
  169       1.1607143878936768       0.0900000035762787
  169       1.1607143878936768      -0.0900000035762787
  170       1.1904761791229248       0.0900000035762787
  170       1.1904761791229248      -0.0900000035762787
  171       1.2202380895614624       0.0900000035762787
  171       1.2202380895614624      -0.0900000035762787
  172       1.2500000000000000       0.0900000035762787
  172       1.2500000000000000      -0.0900000035762787
  173       0.0000000000000000       0.1200000047683716
  173       0.0000000000000000      -0.1200000047683716
  174       0.0297619048506021       0.1200000047683716
  174       0.0297619048506021      -0.1200000047683716
  175       0.0595238097012043       0.1200000047683716
  175       0.0595238097012043      -0.1200000047683716
  176       0.0892857164144516       0.1200000047683716
  176       0.0892857164144516      -0.1200000047683716
  177       0.1190476194024086       0.1200000047683716
  177       0.1190476194024086      -0.1200000047683716
  178       0.1488095223903656       0.1200000047683716
  178       0.1488095223903656      -0.1200000047683716
  179       0.1785714328289032       0.1200000047683716
  179       0.1785714328289032      -0.1200000047683716
  180       0.2083333432674408       0.1200000047683716
  180       0.2083333432674408      -0.1200000047683716
  181       0.2380952388048172       0.1200000047683716
  181       0.2380952388048172      -0.1200000047683716
  182       0.2678571343421936       0.1200000047683716
  182       0.2678571343421936      -0.1200000047683716
  183       0.2976190447807312       0.1200000047683716
  183       0.2976190447807312      -0.1200000047683716
  184       0.3273809552192688       0.1200000047683716
  184       0.3273809552192688      -0.1200000047683716
  185       0.3571428656578064       0.1200000047683716
  185       0.3571428656578064      -0.1200000047683716
  186       0.3869047760963440       0.1200000047683716
  186       0.3869047760963440      -0.1200000047683716
  187       0.4166666865348816       0.1200000047683716
  187       0.4166666865348816      -0.1200000047683716
  188       0.4464285969734192       0.1200000047683716
  188       0.4464285969734192      -0.1200000047683716
  189       0.4761904776096344       0.1200000047683716
  189       0.4761904776096344      -0.1200000047683716
  190       0.5059523582458496       0.1200000047683716
  190       0.5059523582458496      -0.1200000047683716
  191       0.5357142686843872       0.1200000047683716
  191       0.5357142686843872      -0.1200000047683716
  192       0.5654761791229248       0.1200000047683716
  192       0.5654761791229248      -0.1200000047683716
  193       0.5952380895614624       0.1200000047683716
  193       0.5952380895614624      -0.1200000047683716
  194       0.6250000000000000       0.1200000047683716
  194       0.6250000000000000      -0.1200000047683716
  195       0.6547619104385376       0.1200000047683716
  195       0.6547619104385376      -0.1200000047683716
  196       0.6845238208770752       0.1200000047683716
  196       0.6845238208770752      -0.1200000047683716
  197       0.7142857313156128       0.1200000047683716
  197       0.7142857313156128      -0.1200000047683716
  198       0.7440476417541504       0.1200000047683716
  198       0.7440476417541504      -0.1200000047683716
  199       0.7738095521926880       0.1200000047683716
  199       0.7738095521926880      -0.1200000047683716
  200       0.8035714030265808       0.1200000047683716
  200       0.8035714030265808      -0.1200000047683716
  201       0.8333333730697632       0.1200000047683716
  201       0.8333333730697632      -0.1200000047683716
  202       0.8630952239036560       0.1200000047683716
  202       0.8630952239036560      -0.1200000047683716
  203       0.8928571939468384       0.1200000047683716
  203       0.8928571939468384      -0.1200000047683716
  204       0.9226190447807312       0.1200000047683716
  204       0.9226190447807312      -0.1200000047683716
  205       0.9523809552192688       0.1200000047683716
  205       0.9523809552192688      -0.1200000047683716
  206       0.9821429252624512       0.1200000047683716
  206       0.9821429252624512      -0.1200000047683716
  207       1.0119047164916992       0.1200000047683716
  207       1.0119047164916992      -0.1200000047683716
  208       1.0416667461395264       0.1200000047683716
  208       1.0416667461395264      -0.1200000047683716
  209       1.0714285373687744       0.1200000047683716
  209       1.0714285373687744      -0.1200000047683716
  210       1.1011905670166016       0.1200000047683716
  210       1.1011905670166016      -0.1200000047683716
  211       1.1309523582458496       0.1200000047683716
  211       1.1309523582458496      -0.1200000047683716
  212       1.1607143878936768       0.1200000047683716
  212       1.1607143878936768      -0.1200000047683716
  213       1.1904761791229248       0.1200000047683716
  213       1.1904761791229248      -0.1200000047683716
  214       1.2202380895614624       0.1200000047683716
  214       1.2202380895614624      -0.1200000047683716
  215       1.2500000000000000       0.1200000047683716
  215       1.2500000000000000      -0.1200000047683716
  216       0.0000000000000000       0.1500000059604645
  216       0.0000000000000000      -0.1500000059604645
  217       0.0297619048506021       0.1500000059604645
  217       0.0297619048506021      -0.1500000059604645
  218       0.0595238097012043       0.1500000059604645
  218       0.0595238097012043      -0.1500000059604645
  219       0.0892857164144516       0.1500000059604645
  219       0.0892857164144516      -0.1500000059604645
  220       0.1190476194024086       0.1500000059604645
  220       0.1190476194024086      -0.1500000059604645
  221       0.1488095223903656       0.1500000059604645
  221       0.1488095223903656      -0.1500000059604645
  222       0.1785714328289032       0.1500000059604645
  222       0.1785714328289032      -0.1500000059604645
  223       0.2083333432674408       0.1500000059604645
  223       0.2083333432674408      -0.1500000059604645
  224       0.2380952388048172       0.1500000059604645
  224       0.2380952388048172      -0.1500000059604645
  225       0.2678571343421936       0.1500000059604645
  225       0.2678571343421936      -0.1500000059604645
  226       0.2976190447807312       0.1500000059604645
  226       0.2976190447807312      -0.1500000059604645
  227       0.3273809552192688       0.1500000059604645
  227       0.3273809552192688      -0.1500000059604645
  228       0.3571428656578064       0.1500000059604645
  228       0.3571428656578064      -0.1500000059604645
  229       0.3869047760963440       0.1500000059604645
  229       0.3869047760963440      -0.1500000059604645
  230       0.4166666865348816       0.1500000059604645
  230       0.4166666865348816      -0.1500000059604645
  231       0.4464285969734192       0.1500000059604645
  231       0.4464285969734192      -0.1500000059604645
  232       0.4761904776096344       0.1500000059604645
  232       0.4761904776096344      -0.1500000059604645
  233       0.5059523582458496       0.1500000059604645
  233       0.5059523582458496      -0.1500000059604645
  234       0.5357142686843872       0.1500000059604645
  234       0.5357142686843872      -0.1500000059604645
  235       0.5654761791229248       0.1500000059604645
  235       0.5654761791229248      -0.1500000059604645
  236       0.5952380895614624       0.1500000059604645
  236       0.5952380895614624      -0.1500000059604645
  237       0.6250000000000000       0.1500000059604645
  237       0.6250000000000000      -0.1500000059604645
  238       0.6547619104385376       0.1500000059604645
  238       0.6547619104385376      -0.1500000059604645
  239       0.6845238208770752       0.1500000059604645
  239       0.6845238208770752      -0.1500000059604645
  240       0.7142857313156128       0.1500000059604645
  240       0.7142857313156128      -0.1500000059604645
  241       0.7440476417541504       0.1500000059604645
  241       0.7440476417541504      -0.1500000059604645
  242       0.7738095521926880       0.1500000059604645
  242       0.7738095521926880      -0.1500000059604645
  243       0.8035714030265808       0.1500000059604645
  243       0.8035714030265808      -0.1500000059604645
  244       0.8333333730697632       0.1500000059604645
  244       0.8333333730697632      -0.1500000059604645
  245       0.8630952239036560       0.1500000059604645
  245       0.8630952239036560      -0.1500000059604645
  246       0.8928571939468384       0.1500000059604645
  246       0.8928571939468384      -0.1500000059604645
  247       0.9226190447807312       0.1500000059604645
  247       0.9226190447807312      -0.1500000059604645
  248       0.9523809552192688       0.1500000059604645
  248       0.9523809552192688      -0.1500000059604645
  249       0.9821429252624512       0.1500000059604645
  249       0.9821429252624512      -0.1500000059604645
  250       1.0119047164916992       0.1500000059604645
  250       1.0119047164916992      -0.1500000059604645
  251       1.0416667461395264       0.1500000059604645
  251       1.0416667461395264      -0.1500000059604645
  252       1.0714285373687744       0.1500000059604645
  252       1.0714285373687744      -0.1500000059604645
  253       1.1011905670166016       0.1500000059604645
  253       1.1011905670166016      -0.1500000059604645
  254       1.1309523582458496       0.1500000059604645
  254       1.1309523582458496      -0.1500000059604645
  255       1.1607143878936768       0.1500000059604645
  255       1.1607143878936768      -0.1500000059604645
  256       1.1904761791229248       0.1500000059604645
  256       1.1904761791229248      -0.1500000059604645
  257       1.2202380895614624       0.1500000059604645
  257       1.2202380895614624      -0.1500000059604645
  258       1.2500000000000000       0.1500000059604645
  258       1.2500000000000000      -0.1500000059604645
  259       0.0000000000000000       0.1800000071525574
  259       0.0000000000000000      -0.1800000071525574
  260       0.0297619048506021       0.1800000071525574
  260       0.0297619048506021      -0.1800000071525574
  261       0.0595238097012043       0.1800000071525574
  261       0.0595238097012043      -0.1800000071525574
  262       0.0892857164144516       0.1800000071525574
  262       0.0892857164144516      -0.1800000071525574
  263       0.1190476194024086       0.1800000071525574
  263       0.1190476194024086      -0.1800000071525574
  264       0.1488095223903656       0.1800000071525574
  264       0.1488095223903656      -0.1800000071525574
  265       0.1785714328289032       0.1800000071525574
  265       0.1785714328289032      -0.1800000071525574
  266       0.2083333432674408       0.1800000071525574
  266       0.2083333432674408      -0.1800000071525574
  267       0.2380952388048172       0.1800000071525574
  267       0.2380952388048172      -0.1800000071525574
  268       0.2678571343421936       0.1800000071525574
  268       0.2678571343421936      -0.1800000071525574
  269       0.2976190447807312       0.1800000071525574
  269       0.2976190447807312      -0.1800000071525574
  270       0.3273809552192688       0.1800000071525574
  270       0.3273809552192688      -0.1800000071525574
  271       0.3571428656578064       0.1800000071525574
  271       0.3571428656578064      -0.1800000071525574
  272       0.3869047760963440       0.1800000071525574
  272       0.3869047760963440      -0.1800000071525574
  273       0.4166666865348816       0.1800000071525574
  273       0.4166666865348816      -0.1800000071525574
  274       0.4464285969734192       0.1800000071525574
  274       0.4464285969734192      -0.1800000071525574
  275       0.4761904776096344       0.1800000071525574
  275       0.4761904776096344      -0.1800000071525574
  276       0.5059523582458496       0.1800000071525574
  276       0.5059523582458496      -0.1800000071525574
  277       0.5357142686843872       0.1800000071525574
  277       0.5357142686843872      -0.1800000071525574
  278       0.5654761791229248       0.1800000071525574
  278       0.5654761791229248      -0.1800000071525574
  279       0.5952380895614624       0.1800000071525574
  279       0.5952380895614624      -0.1800000071525574
  280       0.6250000000000000       0.1800000071525574
  280       0.6250000000000000      -0.1800000071525574
  281       0.6547619104385376       0.1800000071525574
  281       0.6547619104385376      -0.1800000071525574
  282       0.6845238208770752       0.1800000071525574
  282       0.6845238208770752      -0.1800000071525574
  283       0.7142857313156128       0.1800000071525574
  283       0.7142857313156128      -0.1800000071525574
  284       0.7440476417541504       0.1800000071525574
  284       0.7440476417541504      -0.1800000071525574
  285       0.7738095521926880       0.1800000071525574
  285       0.7738095521926880      -0.1800000071525574
  286       0.8035714030265808       0.1800000071525574
  286       0.8035714030265808      -0.1800000071525574
  287       0.8333333730697632       0.1800000071525574
  287       0.8333333730697632      -0.1800000071525574
  288       0.8630952239036560       0.1800000071525574
  288       0.8630952239036560      -0.1800000071525574
  289       0.8928571939468384       0.1800000071525574
  289       0.8928571939468384      -0.1800000071525574
  290       0.9226190447807312       0.1800000071525574
  290       0.9226190447807312      -0.1800000071525574
  291       0.9523809552192688       0.1800000071525574
  291       0.9523809552192688      -0.1800000071525574
  292       0.9821429252624512       0.1800000071525574
  292       0.9821429252624512      -0.1800000071525574
  293       1.0119047164916992       0.1800000071525574
  293       1.0119047164916992      -0.1800000071525574
  294       1.0416667461395264       0.1800000071525574
  294       1.0416667461395264      -0.1800000071525574
  295       1.0714285373687744       0.1800000071525574
  295       1.0714285373687744      -0.1800000071525574
  296       1.1011905670166016       0.1800000071525574
  296       1.1011905670166016      -0.1800000071525574
  297       1.1309523582458496       0.1800000071525574
  297       1.1309523582458496      -0.1800000071525574
  298       1.1607143878936768       0.1800000071525574
  298       1.1607143878936768      -0.1800000071525574
  299       1.1904761791229248       0.1800000071525574
  299       1.1904761791229248      -0.1800000071525574
  300       1.2202380895614624       0.1800000071525574
  300       1.2202380895614624      -0.1800000071525574
  301       1.2500000000000000       0.1800000071525574
  301       1.2500000000000000      -0.1800000071525574
  302       0.0000000000000000       0.2100000083446503
  302       0.0000000000000000      -0.2100000083446503
  303       0.0297619048506021       0.2100000083446503
  303       0.0297619048506021      -0.2100000083446503
  304       0.0595238097012043       0.2100000083446503
  304       0.0595238097012043      -0.2100000083446503
  305       0.0892857164144516       0.2100000083446503
  305       0.0892857164144516      -0.2100000083446503
  306       0.1190476194024086       0.2100000083446503
  306       0.1190476194024086      -0.2100000083446503
  307       0.1488095223903656       0.2100000083446503
  307       0.1488095223903656      -0.2100000083446503
  308       0.1785714328289032       0.2100000083446503
  308       0.1785714328289032      -0.2100000083446503
  309       0.2083333432674408       0.2100000083446503
  309       0.2083333432674408      -0.2100000083446503
  310       0.2380952388048172       0.2100000083446503
  310       0.2380952388048172      -0.2100000083446503
  311       0.2678571343421936       0.2100000083446503
  311       0.2678571343421936      -0.2100000083446503
  312       0.2976190447807312       0.2100000083446503
  312       0.2976190447807312      -0.2100000083446503
  313       0.3273809552192688       0.2100000083446503
  313       0.3273809552192688      -0.2100000083446503
  314       0.3571428656578064       0.2100000083446503
  314       0.3571428656578064      -0.2100000083446503
  315       0.3869047760963440       0.2100000083446503
  315       0.3869047760963440      -0.2100000083446503
  316       0.4166666865348816       0.2100000083446503
  316       0.4166666865348816      -0.2100000083446503
  317       0.4464285969734192       0.2100000083446503
  317       0.4464285969734192      -0.2100000083446503
  318       0.4761904776096344       0.2100000083446503
  318       0.4761904776096344      -0.2100000083446503
  319       0.5059523582458496       0.2100000083446503
  319       0.5059523582458496      -0.2100000083446503
  320       0.5357142686843872       0.2100000083446503
  320       0.5357142686843872      -0.2100000083446503
  321       0.5654761791229248       0.2100000083446503
  321       0.5654761791229248      -0.2100000083446503
  322       0.5952380895614624       0.2100000083446503
  322       0.5952380895614624      -0.2100000083446503
  323       0.6250000000000000       0.2100000083446503
  323       0.6250000000000000      -0.2100000083446503
  324       0.6547619104385376       0.2100000083446503
  324       0.6547619104385376      -0.2100000083446503
  325       0.6845238208770752       0.2100000083446503
  325       0.6845238208770752      -0.2100000083446503
  326       0.7142857313156128       0.2100000083446503
  326       0.7142857313156128      -0.2100000083446503
  327       0.7440476417541504       0.2100000083446503
  327       0.7440476417541504      -0.2100000083446503
  328       0.7738095521926880       0.2100000083446503
  328       0.7738095521926880      -0.2100000083446503
  329       0.8035714030265808       0.2100000083446503
  329       0.8035714030265808      -0.2100000083446503
  330       0.8333333730697632       0.2100000083446503
  330       0.8333333730697632      -0.2100000083446503
  331       0.8630952239036560       0.2100000083446503
  331       0.8630952239036560      -0.2100000083446503
  332       0.8928571939468384       0.2100000083446503
  332       0.8928571939468384      -0.2100000083446503
  333       0.9226190447807312       0.2100000083446503
  333       0.9226190447807312      -0.2100000083446503
  334       0.9523809552192688       0.2100000083446503
  334       0.9523809552192688      -0.2100000083446503
  335       0.9821429252624512       0.2100000083446503
  335       0.9821429252624512      -0.2100000083446503
  336       1.0119047164916992       0.2100000083446503
  336       1.0119047164916992      -0.2100000083446503
  337       1.0416667461395264       0.2100000083446503
  337       1.0416667461395264      -0.2100000083446503
  338       1.0714285373687744       0.2100000083446503
  338       1.0714285373687744      -0.2100000083446503
  339       1.1011905670166016       0.2100000083446503
  339       1.1011905670166016      -0.2100000083446503
  340       1.1309523582458496       0.2100000083446503
  340       1.1309523582458496      -0.2100000083446503
  341       1.1607143878936768       0.2100000083446503
  341       1.1607143878936768      -0.2100000083446503
  342       1.1904761791229248       0.2100000083446503
  342       1.1904761791229248      -0.2100000083446503
  343       1.2202380895614624       0.2100000083446503
  343       1.2202380895614624      -0.2100000083446503
  344       1.2500000000000000       0.2100000083446503
  344       1.2500000000000000      -0.2100000083446503
  345       0.0000000000000000       0.2400000095367432
  345       0.0000000000000000      -0.2400000095367432
  346       0.0297619048506021       0.2400000095367432
  346       0.0297619048506021      -0.2400000095367432
  347       0.0595238097012043       0.2400000095367432
  347       0.0595238097012043      -0.2400000095367432
  348       0.0892857164144516       0.2400000095367432
  348       0.0892857164144516      -0.2400000095367432
  349       0.1190476194024086       0.2400000095367432
  349       0.1190476194024086      -0.2400000095367432
  350       0.1488095223903656       0.2400000095367432
  350       0.1488095223903656      -0.2400000095367432
  351       0.1785714328289032       0.2400000095367432
  351       0.1785714328289032      -0.2400000095367432
  352       0.2083333432674408       0.2400000095367432
  352       0.2083333432674408      -0.2400000095367432
  353       0.2380952388048172       0.2400000095367432
  353       0.2380952388048172      -0.2400000095367432
  354       0.2678571343421936       0.2400000095367432
  354       0.2678571343421936      -0.2400000095367432
  355       0.2976190447807312       0.2400000095367432
  355       0.2976190447807312      -0.2400000095367432
  356       0.3273809552192688       0.2400000095367432
  356       0.3273809552192688      -0.2400000095367432
  357       0.3571428656578064       0.2400000095367432
  357       0.3571428656578064      -0.2400000095367432
  358       0.3869047760963440       0.2400000095367432
  358       0.3869047760963440      -0.2400000095367432
  359       0.4166666865348816       0.2400000095367432
  359       0.4166666865348816      -0.2400000095367432
  360       0.4464285969734192       0.2400000095367432
  360       0.4464285969734192      -0.2400000095367432
  361       0.4761904776096344       0.2400000095367432
  361       0.4761904776096344      -0.2400000095367432
  362       0.5059523582458496       0.2400000095367432
  362       0.5059523582458496      -0.2400000095367432
  363       0.5357142686843872       0.2400000095367432
  363       0.5357142686843872      -0.2400000095367432
  364       0.5654761791229248       0.2400000095367432
  364       0.5654761791229248      -0.2400000095367432
  365       0.5952380895614624       0.2400000095367432
  365       0.5952380895614624      -0.2400000095367432
  366       0.6250000000000000       0.2400000095367432
  366       0.6250000000000000      -0.2400000095367432
  367       0.6547619104385376       0.2400000095367432
  367       0.6547619104385376      -0.2400000095367432
  368       0.6845238208770752       0.2400000095367432
  368       0.6845238208770752      -0.2400000095367432
  369       0.7142857313156128       0.2400000095367432
  369       0.7142857313156128      -0.2400000095367432
  370       0.7440476417541504       0.2400000095367432
  370       0.7440476417541504      -0.2400000095367432
  371       0.7738095521926880       0.2400000095367432
  371       0.7738095521926880      -0.2400000095367432
  372       0.8035714030265808       0.2400000095367432
  372       0.8035714030265808      -0.2400000095367432
  373       0.8333333730697632       0.2400000095367432
  373       0.8333333730697632      -0.2400000095367432
  374       0.8630952239036560       0.2400000095367432
  374       0.8630952239036560      -0.2400000095367432
  375       0.8928571939468384       0.2400000095367432
  375       0.8928571939468384      -0.2400000095367432
  376       0.9226190447807312       0.2400000095367432
  376       0.9226190447807312      -0.2400000095367432
  377       0.9523809552192688       0.2400000095367432
  377       0.9523809552192688      -0.2400000095367432
  378       0.9821429252624512       0.2400000095367432
  378       0.9821429252624512      -0.2400000095367432
  379       1.0119047164916992       0.2400000095367432
  379       1.0119047164916992      -0.2400000095367432
  380       1.0416667461395264       0.2400000095367432
  380       1.0416667461395264      -0.2400000095367432
  381       1.0714285373687744       0.2400000095367432
  381       1.0714285373687744      -0.2400000095367432
  382       1.1011905670166016       0.2400000095367432
  382       1.1011905670166016      -0.2400000095367432
  383       1.1309523582458496       0.2400000095367432
  383       1.1309523582458496      -0.2400000095367432
  384       1.1607143878936768       0.2400000095367432
  384       1.1607143878936768      -0.2400000095367432
  385       1.1904761791229248       0.2400000095367432
  385       1.1904761791229248      -0.2400000095367432
  386       1.2202380895614624       0.2400000095367432
  386       1.2202380895614624      -0.2400000095367432
  387       1.2500000000000000       0.2400000095367432
  387       1.2500000000000000      -0.2400000095367432
  388       0.0000000000000000       0.2700000107288361
  388       0.0000000000000000      -0.2700000107288361
  389       0.0297619048506021       0.2700000107288361
  389       0.0297619048506021      -0.2700000107288361
  390       0.0595238097012043       0.2700000107288361
  390       0.0595238097012043      -0.2700000107288361
  391       0.0892857164144516       0.2700000107288361
  391       0.0892857164144516      -0.2700000107288361
  392       0.1190476194024086       0.2700000107288361
  392       0.1190476194024086      -0.2700000107288361
  393       0.1488095223903656       0.2700000107288361
  393       0.1488095223903656      -0.2700000107288361
  394       0.1785714328289032       0.2700000107288361
  394       0.1785714328289032      -0.2700000107288361
  395       0.2083333432674408       0.2700000107288361
  395       0.2083333432674408      -0.2700000107288361
  396       0.2380952388048172       0.2700000107288361
  396       0.2380952388048172      -0.2700000107288361
  397       0.2678571343421936       0.2700000107288361
  397       0.2678571343421936      -0.2700000107288361
  398       0.2976190447807312       0.2700000107288361
  398       0.2976190447807312      -0.2700000107288361
  399       0.3273809552192688       0.2700000107288361
  399       0.3273809552192688      -0.2700000107288361
  400       0.3571428656578064       0.2700000107288361
  400       0.3571428656578064      -0.2700000107288361
  401       0.3869047760963440       0.2700000107288361
  401       0.3869047760963440      -0.2700000107288361
  402       0.4166666865348816       0.2700000107288361
  402       0.4166666865348816      -0.2700000107288361
  403       0.4464285969734192       0.2700000107288361
  403       0.4464285969734192      -0.2700000107288361
  404       0.4761904776096344       0.2700000107288361
  404       0.4761904776096344      -0.2700000107288361
  405       0.5059523582458496       0.2700000107288361
  405       0.5059523582458496      -0.2700000107288361
  406       0.5357142686843872       0.2700000107288361
  406       0.5357142686843872      -0.2700000107288361
  407       0.5654761791229248       0.2700000107288361
  407       0.5654761791229248      -0.2700000107288361
  408       0.5952380895614624       0.2700000107288361
  408       0.5952380895614624      -0.2700000107288361
  409       0.6250000000000000       0.2700000107288361
  409       0.6250000000000000      -0.2700000107288361
  410       0.6547619104385376       0.2700000107288361
  410       0.6547619104385376      -0.2700000107288361
  411       0.6845238208770752       0.2700000107288361
  411       0.6845238208770752      -0.2700000107288361
  412       0.7142857313156128       0.2700000107288361
  412       0.7142857313156128      -0.2700000107288361
  413       0.7440476417541504       0.2700000107288361
  413       0.7440476417541504      -0.2700000107288361
  414       0.7738095521926880       0.2700000107288361
  414       0.7738095521926880      -0.2700000107288361
  415       0.8035714030265808       0.2700000107288361
  415       0.8035714030265808      -0.2700000107288361
  416       0.8333333730697632       0.2700000107288361
  416       0.8333333730697632      -0.2700000107288361
  417       0.8630952239036560       0.2700000107288361
  417       0.8630952239036560      -0.2700000107288361
  418       0.8928571939468384       0.2700000107288361
  418       0.8928571939468384      -0.2700000107288361
  419       0.9226190447807312       0.2700000107288361
  419       0.9226190447807312      -0.2700000107288361
  420       0.9523809552192688       0.2700000107288361
  420       0.9523809552192688      -0.2700000107288361
  421       0.9821429252624512       0.2700000107288361
  421       0.9821429252624512      -0.2700000107288361
  422       1.0119047164916992       0.2700000107288361
  422       1.0119047164916992      -0.2700000107288361
  423       1.0416667461395264       0.2700000107288361
  423       1.0416667461395264      -0.2700000107288361
  424       1.0714285373687744       0.2700000107288361
  424       1.0714285373687744      -0.2700000107288361
  425       1.1011905670166016       0.2700000107288361
  425       1.1011905670166016      -0.2700000107288361
  426       1.1309523582458496       0.2700000107288361
  426       1.1309523582458496      -0.2700000107288361
  427       1.1607143878936768       0.2700000107288361
  427       1.1607143878936768      -0.2700000107288361
  428       1.1904761791229248       0.2700000107288361
  428       1.1904761791229248      -0.2700000107288361
  429       1.2202380895614624       0.2700000107288361
  429       1.2202380895614624      -0.2700000107288361
  430       1.2500000000000000       0.2700000107288361
  430       1.2500000000000000      -0.2700000107288361
  431       0.0000000000000000       0.3000000119209290
  431       0.0000000000000000      -0.3000000119209290
  432       0.0297619048506021       0.3000000119209290
  432       0.0297619048506021      -0.3000000119209290
  433       0.0595238097012043       0.3000000119209290
  433       0.0595238097012043      -0.3000000119209290
  434       0.0892857164144516       0.3000000119209290
  434       0.0892857164144516      -0.3000000119209290
  435       0.1190476194024086       0.3000000119209290
  435       0.1190476194024086      -0.3000000119209290
  436       0.1488095223903656       0.3000000119209290
  436       0.1488095223903656      -0.3000000119209290
  437       0.1785714328289032       0.3000000119209290
  437       0.1785714328289032      -0.3000000119209290
  438       0.2083333432674408       0.3000000119209290
  438       0.2083333432674408      -0.3000000119209290
  439       0.2380952388048172       0.3000000119209290
  439       0.2380952388048172      -0.3000000119209290
  440       0.2678571343421936       0.3000000119209290
  440       0.2678571343421936      -0.3000000119209290
  441       0.2976190447807312       0.3000000119209290
  441       0.2976190447807312      -0.3000000119209290
  442       0.3273809552192688       0.3000000119209290
  442       0.3273809552192688      -0.3000000119209290
  443       0.3571428656578064       0.3000000119209290
  443       0.3571428656578064      -0.3000000119209290
  444       0.3869047760963440       0.3000000119209290
  444       0.3869047760963440      -0.3000000119209290
  445       0.4166666865348816       0.3000000119209290
  445       0.4166666865348816      -0.3000000119209290
  446       0.4464285969734192       0.3000000119209290
  446       0.4464285969734192      -0.3000000119209290
  447       0.4761904776096344       0.3000000119209290
  447       0.4761904776096344      -0.3000000119209290
  448       0.5059523582458496       0.3000000119209290
  448       0.5059523582458496      -0.3000000119209290
  449       0.5357142686843872       0.3000000119209290
  449       0.5357142686843872      -0.3000000119209290
  450       0.5654761791229248       0.3000000119209290
  450       0.5654761791229248      -0.3000000119209290
  451       0.5952380895614624       0.3000000119209290
  451       0.5952380895614624      -0.3000000119209290
  452       0.6250000000000000       0.3000000119209290
  452       0.6250000000000000      -0.3000000119209290
  453       0.6547619104385376       0.3000000119209290
  453       0.6547619104385376      -0.3000000119209290
  454       0.6845238208770752       0.3000000119209290
  454       0.6845238208770752      -0.3000000119209290
  455       0.7142857313156128       0.3000000119209290
  455       0.7142857313156128      -0.3000000119209290
  456       0.7440476417541504       0.3000000119209290
  456       0.7440476417541504      -0.3000000119209290
  457       0.7738095521926880       0.3000000119209290
  457       0.7738095521926880      -0.3000000119209290
  458       0.8035714030265808       0.3000000119209290
  458       0.8035714030265808      -0.3000000119209290
  459       0.8333333730697632       0.3000000119209290
  459       0.8333333730697632      -0.3000000119209290
  460       0.8630952239036560       0.3000000119209290
  460       0.8630952239036560      -0.3000000119209290
  461       0.8928571939468384       0.3000000119209290
  461       0.8928571939468384      -0.3000000119209290
  462       0.9226190447807312       0.3000000119209290
  462       0.9226190447807312      -0.3000000119209290
  463       0.9523809552192688       0.3000000119209290
  463       0.9523809552192688      -0.3000000119209290
  464       0.9821429252624512       0.3000000119209290
  464       0.9821429252624512      -0.3000000119209290
  465       1.0119047164916992       0.3000000119209290
  465       1.0119047164916992      -0.3000000119209290
  466       1.0416667461395264       0.3000000119209290
  466       1.0416667461395264      -0.3000000119209290
  467       1.0714285373687744       0.3000000119209290
  467       1.0714285373687744      -0.3000000119209290
  468       1.1011905670166016       0.3000000119209290
  468       1.1011905670166016      -0.3000000119209290
  469       1.1309523582458496       0.3000000119209290
  469       1.1309523582458496      -0.3000000119209290
  470       1.1607143878936768       0.3000000119209290
  470       1.1607143878936768      -0.3000000119209290
  471       1.1904761791229248       0.3000000119209290
  471       1.1904761791229248      -0.3000000119209290
  472       1.2202380895614624       0.3000000119209290
  472       1.2202380895614624      -0.3000000119209290
  473       1.2500000000000000       0.3000000119209290
  473       1.2500000000000000      -0.3000000119209290
  474       0.0000000000000000       0.3300000131130219
  474       0.0000000000000000      -0.3300000131130219
  475       0.0297619048506021       0.3300000131130219
  475       0.0297619048506021      -0.3300000131130219
  476       0.0595238097012043       0.3300000131130219
  476       0.0595238097012043      -0.3300000131130219
  477       0.0892857164144516       0.3300000131130219
  477       0.0892857164144516      -0.3300000131130219
  478       0.1190476194024086       0.3300000131130219
  478       0.1190476194024086      -0.3300000131130219
  479       0.1488095223903656       0.3300000131130219
  479       0.1488095223903656      -0.3300000131130219
  480       0.1785714328289032       0.3300000131130219
  480       0.1785714328289032      -0.3300000131130219
  481       0.2083333432674408       0.3300000131130219
  481       0.2083333432674408      -0.3300000131130219
  482       0.2380952388048172       0.3300000131130219
  482       0.2380952388048172      -0.3300000131130219
  483       0.2678571343421936       0.3300000131130219
  483       0.2678571343421936      -0.3300000131130219
  484       0.2976190447807312       0.3300000131130219
  484       0.2976190447807312      -0.3300000131130219
  485       0.3273809552192688       0.3300000131130219
  485       0.3273809552192688      -0.3300000131130219
  486       0.3571428656578064       0.3300000131130219
  486       0.3571428656578064      -0.3300000131130219
  487       0.3869047760963440       0.3300000131130219
  487       0.3869047760963440      -0.3300000131130219
  488       0.4166666865348816       0.3300000131130219
  488       0.4166666865348816      -0.3300000131130219
  489       0.4464285969734192       0.3300000131130219
  489       0.4464285969734192      -0.3300000131130219
  490       0.4761904776096344       0.3300000131130219
  490       0.4761904776096344      -0.3300000131130219
  491       0.5059523582458496       0.3300000131130219
  491       0.5059523582458496      -0.3300000131130219
  492       0.5357142686843872       0.3300000131130219
  492       0.5357142686843872      -0.3300000131130219
  493       0.5654761791229248       0.3300000131130219
  493       0.5654761791229248      -0.3300000131130219
  494       0.5952380895614624       0.3300000131130219
  494       0.5952380895614624      -0.3300000131130219
  495       0.6250000000000000       0.3300000131130219
  495       0.6250000000000000      -0.3300000131130219
  496       0.6547619104385376       0.3300000131130219
  496       0.6547619104385376      -0.3300000131130219
  497       0.6845238208770752       0.3300000131130219
  497       0.6845238208770752      -0.3300000131130219
  498       0.7142857313156128       0.3300000131130219
  498       0.7142857313156128      -0.3300000131130219
  499       0.7440476417541504       0.3300000131130219
  499       0.7440476417541504      -0.3300000131130219
  500       0.7738095521926880       0.3300000131130219
  500       0.7738095521926880      -0.3300000131130219
  501       0.8035714030265808       0.3300000131130219
  501       0.8035714030265808      -0.3300000131130219
  502       0.8333333730697632       0.3300000131130219
  502       0.8333333730697632      -0.3300000131130219
  503       0.8630952239036560       0.3300000131130219
  503       0.8630952239036560      -0.3300000131130219
  504       0.8928571939468384       0.3300000131130219
  504       0.8928571939468384      -0.3300000131130219
  505       0.9226190447807312       0.3300000131130219
  505       0.9226190447807312      -0.3300000131130219
  506       0.9523809552192688       0.3300000131130219
  506       0.9523809552192688      -0.3300000131130219
  507       0.9821429252624512       0.3300000131130219
  507       0.9821429252624512      -0.3300000131130219
  508       1.0119047164916992       0.3300000131130219
  508       1.0119047164916992      -0.3300000131130219
  509       1.0416667461395264       0.3300000131130219
  509       1.0416667461395264      -0.3300000131130219
  510       1.0714285373687744       0.3300000131130219
  510       1.0714285373687744      -0.3300000131130219
  511       1.1011905670166016       0.3300000131130219
  511       1.1011905670166016      -0.3300000131130219
  512       1.1309523582458496       0.3300000131130219
  512       1.1309523582458496      -0.3300000131130219
  513       1.1607143878936768       0.3300000131130219
  513       1.1607143878936768      -0.3300000131130219
  514       1.1904761791229248       0.3300000131130219
  514       1.1904761791229248      -0.3300000131130219
  515       1.2202380895614624       0.3300000131130219
  515       1.2202380895614624      -0.3300000131130219
  516       1.2500000000000000       0.3300000131130219
  516       1.2500000000000000      -0.3300000131130219
  517       0.0000000000000000       0.3600000143051147
  517       0.0000000000000000      -0.3600000143051147
  518       0.0297619048506021       0.3600000143051147
  518       0.0297619048506021      -0.3600000143051147
  519       0.0595238097012043       0.3600000143051147
  519       0.0595238097012043      -0.3600000143051147
  520       0.0892857164144516       0.3600000143051147
  520       0.0892857164144516      -0.3600000143051147
  521       0.1190476194024086       0.3600000143051147
  521       0.1190476194024086      -0.3600000143051147
  522       0.1488095223903656       0.3600000143051147
  522       0.1488095223903656      -0.3600000143051147
  523       0.1785714328289032       0.3600000143051147
  523       0.1785714328289032      -0.3600000143051147
  524       0.2083333432674408       0.3600000143051147
  524       0.2083333432674408      -0.3600000143051147
  525       0.2380952388048172       0.3600000143051147
  525       0.2380952388048172      -0.3600000143051147
  526       0.2678571343421936       0.3600000143051147
  526       0.2678571343421936      -0.3600000143051147
  527       0.2976190447807312       0.3600000143051147
  527       0.2976190447807312      -0.3600000143051147
  528       0.3273809552192688       0.3600000143051147
  528       0.3273809552192688      -0.3600000143051147
  529       0.3571428656578064       0.3600000143051147
  529       0.3571428656578064      -0.3600000143051147
  530       0.3869047760963440       0.3600000143051147
  530       0.3869047760963440      -0.3600000143051147
  531       0.4166666865348816       0.3600000143051147
  531       0.4166666865348816      -0.3600000143051147
  532       0.4464285969734192       0.3600000143051147
  532       0.4464285969734192      -0.3600000143051147
  533       0.4761904776096344       0.3600000143051147
  533       0.4761904776096344      -0.3600000143051147
  534       0.5059523582458496       0.3600000143051147
  534       0.5059523582458496      -0.3600000143051147
  535       0.5357142686843872       0.3600000143051147
  535       0.5357142686843872      -0.3600000143051147
  536       0.5654761791229248       0.3600000143051147
  536       0.5654761791229248      -0.3600000143051147
  537       0.5952380895614624       0.3600000143051147
  537       0.5952380895614624      -0.3600000143051147
  538       0.6250000000000000       0.3600000143051147
  538       0.6250000000000000      -0.3600000143051147
  539       0.6547619104385376       0.3600000143051147
  539       0.6547619104385376      -0.3600000143051147
  540       0.6845238208770752       0.3600000143051147
  540       0.6845238208770752      -0.3600000143051147
  541       0.7142857313156128       0.3600000143051147
  541       0.7142857313156128      -0.3600000143051147
  542       0.7440476417541504       0.3600000143051147
  542       0.7440476417541504      -0.3600000143051147
  543       0.7738095521926880       0.3600000143051147
  543       0.7738095521926880      -0.3600000143051147
  544       0.8035714030265808       0.3600000143051147
  544       0.8035714030265808      -0.3600000143051147
  545       0.8333333730697632       0.3600000143051147
  545       0.8333333730697632      -0.3600000143051147
  546       0.8630952239036560       0.3600000143051147
  546       0.8630952239036560      -0.3600000143051147
  547       0.8928571939468384       0.3600000143051147
  547       0.8928571939468384      -0.3600000143051147
  548       0.9226190447807312       0.3600000143051147
  548       0.9226190447807312      -0.3600000143051147
  549       0.9523809552192688       0.3600000143051147
  549       0.9523809552192688      -0.3600000143051147
  550       0.9821429252624512       0.3600000143051147
  550       0.9821429252624512      -0.3600000143051147
  551       1.0119047164916992       0.3600000143051147
  551       1.0119047164916992      -0.3600000143051147
  552       1.0416667461395264       0.3600000143051147
  552       1.0416667461395264      -0.3600000143051147
  553       1.0714285373687744       0.3600000143051147
  553       1.0714285373687744      -0.3600000143051147
  554       1.1011905670166016       0.3600000143051147
  554       1.1011905670166016      -0.3600000143051147
  555       1.1309523582458496       0.3600000143051147
  555       1.1309523582458496      -0.3600000143051147
  556       1.1607143878936768       0.3600000143051147
  556       1.1607143878936768      -0.3600000143051147
  557       1.1904761791229248       0.3600000143051147
  557       1.1904761791229248      -0.3600000143051147
  558       1.2202380895614624       0.3600000143051147
  558       1.2202380895614624      -0.3600000143051147
  559       1.2500000000000000       0.3600000143051147
  559       1.2500000000000000      -0.3600000143051147
  560       0.0000000000000000       0.3900000154972076
  560       0.0000000000000000      -0.3900000154972076
  561       0.0297619048506021       0.3900000154972076
  561       0.0297619048506021      -0.3900000154972076
  562       0.0595238097012043       0.3900000154972076
  562       0.0595238097012043      -0.3900000154972076
  563       0.0892857164144516       0.3900000154972076
  563       0.0892857164144516      -0.3900000154972076
  564       0.1190476194024086       0.3900000154972076
  564       0.1190476194024086      -0.3900000154972076
  565       0.1488095223903656       0.3900000154972076
  565       0.1488095223903656      -0.3900000154972076
  566       0.1785714328289032       0.3900000154972076
  566       0.1785714328289032      -0.3900000154972076
  567       0.2083333432674408       0.3900000154972076
  567       0.2083333432674408      -0.3900000154972076
  568       0.2380952388048172       0.3900000154972076
  568       0.2380952388048172      -0.3900000154972076
  569       0.2678571343421936       0.3900000154972076
  569       0.2678571343421936      -0.3900000154972076
  570       0.2976190447807312       0.3900000154972076
  570       0.2976190447807312      -0.3900000154972076
  571       0.3273809552192688       0.3900000154972076
  571       0.3273809552192688      -0.3900000154972076
  572       0.3571428656578064       0.3900000154972076
  572       0.3571428656578064      -0.3900000154972076
  573       0.3869047760963440       0.3900000154972076
  573       0.3869047760963440      -0.3900000154972076
  574       0.4166666865348816       0.3900000154972076
  574       0.4166666865348816      -0.3900000154972076
  575       0.4464285969734192       0.3900000154972076
  575       0.4464285969734192      -0.3900000154972076
  576       0.4761904776096344       0.3900000154972076
  576       0.4761904776096344      -0.3900000154972076
  577       0.5059523582458496       0.3900000154972076
  577       0.5059523582458496      -0.3900000154972076
  578       0.5357142686843872       0.3900000154972076
  578       0.5357142686843872      -0.3900000154972076
  579       0.5654761791229248       0.3900000154972076
  579       0.5654761791229248      -0.3900000154972076
  580       0.5952380895614624       0.3900000154972076
  580       0.5952380895614624      -0.3900000154972076
  581       0.6250000000000000       0.3900000154972076
  581       0.6250000000000000      -0.3900000154972076
  582       0.6547619104385376       0.3900000154972076
  582       0.6547619104385376      -0.3900000154972076
  583       0.6845238208770752       0.3900000154972076
  583       0.6845238208770752      -0.3900000154972076
  584       0.7142857313156128       0.3900000154972076
  584       0.7142857313156128      -0.3900000154972076
  585       0.7440476417541504       0.3900000154972076
  585       0.7440476417541504      -0.3900000154972076
  586       0.7738095521926880       0.3900000154972076
  586       0.7738095521926880      -0.3900000154972076
  587       0.8035714030265808       0.3900000154972076
  587       0.8035714030265808      -0.3900000154972076
  588       0.8333333730697632       0.3900000154972076
  588       0.8333333730697632      -0.3900000154972076
  589       0.8630952239036560       0.3900000154972076
  589       0.8630952239036560      -0.3900000154972076
  590       0.8928571939468384       0.3900000154972076
  590       0.8928571939468384      -0.3900000154972076
  591       0.9226190447807312       0.3900000154972076
  591       0.9226190447807312      -0.3900000154972076
  592       0.9523809552192688       0.3900000154972076
  592       0.9523809552192688      -0.3900000154972076
  593       0.9821429252624512       0.3900000154972076
  593       0.9821429252624512      -0.3900000154972076
  594       1.0119047164916992       0.3900000154972076
  594       1.0119047164916992      -0.3900000154972076
  595       1.0416667461395264       0.3900000154972076
  595       1.0416667461395264      -0.3900000154972076
  596       1.0714285373687744       0.3900000154972076
  596       1.0714285373687744      -0.3900000154972076
  597       1.1011905670166016       0.3900000154972076
  597       1.1011905670166016      -0.3900000154972076
  598       1.1309523582458496       0.3900000154972076
  598       1.1309523582458496      -0.3900000154972076
  599       1.1607143878936768       0.3900000154972076
  599       1.1607143878936768      -0.3900000154972076
  600       1.1904761791229248       0.3900000154972076
  600       1.1904761791229248      -0.3900000154972076
  601       1.2202380895614624       0.3900000154972076
  601       1.2202380895614624      -0.3900000154972076
  602       1.2500000000000000       0.3900000154972076
  602       1.2500000000000000      -0.3900000154972076
  603       0.0000000000000000       0.4200000166893005
  603       0.0000000000000000      -0.4200000166893005
  604       0.0297619048506021       0.4200000166893005
  604       0.0297619048506021      -0.4200000166893005
  605       0.0595238097012043       0.4200000166893005
  605       0.0595238097012043      -0.4200000166893005
  606       0.0892857164144516       0.4200000166893005
  606       0.0892857164144516      -0.4200000166893005
  607       0.1190476194024086       0.4200000166893005
  607       0.1190476194024086      -0.4200000166893005
  608       0.1488095223903656       0.4200000166893005
  608       0.1488095223903656      -0.4200000166893005
  609       0.1785714328289032       0.4200000166893005
  609       0.1785714328289032      -0.4200000166893005
  610       0.2083333432674408       0.4200000166893005
  610       0.2083333432674408      -0.4200000166893005
  611       0.2380952388048172       0.4200000166893005
  611       0.2380952388048172      -0.4200000166893005
  612       0.2678571343421936       0.4200000166893005
  612       0.2678571343421936      -0.4200000166893005
  613       0.2976190447807312       0.4200000166893005
  613       0.2976190447807312      -0.4200000166893005
  614       0.3273809552192688       0.4200000166893005
  614       0.3273809552192688      -0.4200000166893005
  615       0.3571428656578064       0.4200000166893005
  615       0.3571428656578064      -0.4200000166893005
  616       0.3869047760963440       0.4200000166893005
  616       0.3869047760963440      -0.4200000166893005
  617       0.4166666865348816       0.4200000166893005
  617       0.4166666865348816      -0.4200000166893005
  618       0.4464285969734192       0.4200000166893005
  618       0.4464285969734192      -0.4200000166893005
  619       0.4761904776096344       0.4200000166893005
  619       0.4761904776096344      -0.4200000166893005
  620       0.5059523582458496       0.4200000166893005
  620       0.5059523582458496      -0.4200000166893005
  621       0.5357142686843872       0.4200000166893005
  621       0.5357142686843872      -0.4200000166893005
  622       0.5654761791229248       0.4200000166893005
  622       0.5654761791229248      -0.4200000166893005
  623       0.5952380895614624       0.4200000166893005
  623       0.5952380895614624      -0.4200000166893005
  624       0.6250000000000000       0.4200000166893005
  624       0.6250000000000000      -0.4200000166893005
  625       0.6547619104385376       0.4200000166893005
  625       0.6547619104385376      -0.4200000166893005
  626       0.6845238208770752       0.4200000166893005
  626       0.6845238208770752      -0.4200000166893005
  627       0.7142857313156128       0.4200000166893005
  627       0.7142857313156128      -0.4200000166893005
  628       0.7440476417541504       0.4200000166893005
  628       0.7440476417541504      -0.4200000166893005
  629       0.7738095521926880       0.4200000166893005
  629       0.7738095521926880      -0.4200000166893005
  630       0.8035714030265808       0.4200000166893005
  630       0.8035714030265808      -0.4200000166893005
  631       0.8333333730697632       0.4200000166893005
  631       0.8333333730697632      -0.4200000166893005
  632       0.8630952239036560       0.4200000166893005
  632       0.8630952239036560      -0.4200000166893005
  633       0.8928571939468384       0.4200000166893005
  633       0.8928571939468384      -0.4200000166893005
  634       0.9226190447807312       0.4200000166893005
  634       0.9226190447807312      -0.4200000166893005
  635       0.9523809552192688       0.4200000166893005
  635       0.9523809552192688      -0.4200000166893005
  636       0.9821429252624512       0.4200000166893005
  636       0.9821429252624512      -0.4200000166893005
  637       1.0119047164916992       0.4200000166893005
  637       1.0119047164916992      -0.4200000166893005
  638       1.0416667461395264       0.4200000166893005
  638       1.0416667461395264      -0.4200000166893005
  639       1.0714285373687744       0.4200000166893005
  639       1.0714285373687744      -0.4200000166893005
  640       1.1011905670166016       0.4200000166893005
  640       1.1011905670166016      -0.4200000166893005
  641       1.1309523582458496       0.4200000166893005
  641       1.1309523582458496      -0.4200000166893005
  642       1.1607143878936768       0.4200000166893005
  642       1.1607143878936768      -0.4200000166893005
  643       1.1904761791229248       0.4200000166893005
  643       1.1904761791229248      -0.4200000166893005
  644       1.2202380895614624       0.4200000166893005
  644       1.2202380895614624      -0.4200000166893005
  645       1.2500000000000000       0.4200000166893005
  645       1.2500000000000000      -0.4200000166893005
  646       0.0000000000000000       0.4500000178813934
  646       0.0000000000000000      -0.4500000178813934
  647       0.0297619048506021       0.4500000178813934
  647       0.0297619048506021      -0.4500000178813934
  648       0.0595238097012043       0.4500000178813934
  648       0.0595238097012043      -0.4500000178813934
  649       0.0892857164144516       0.4500000178813934
  649       0.0892857164144516      -0.4500000178813934
  650       0.1190476194024086       0.4500000178813934
  650       0.1190476194024086      -0.4500000178813934
  651       0.1488095223903656       0.4500000178813934
  651       0.1488095223903656      -0.4500000178813934
  652       0.1785714328289032       0.4500000178813934
  652       0.1785714328289032      -0.4500000178813934
  653       0.2083333432674408       0.4500000178813934
  653       0.2083333432674408      -0.4500000178813934
  654       0.2380952388048172       0.4500000178813934
  654       0.2380952388048172      -0.4500000178813934
  655       0.2678571343421936       0.4500000178813934
  655       0.2678571343421936      -0.4500000178813934
  656       0.2976190447807312       0.4500000178813934
  656       0.2976190447807312      -0.4500000178813934
  657       0.3273809552192688       0.4500000178813934
  657       0.3273809552192688      -0.4500000178813934
  658       0.3571428656578064       0.4500000178813934
  658       0.3571428656578064      -0.4500000178813934
  659       0.3869047760963440       0.4500000178813934
  659       0.3869047760963440      -0.4500000178813934
  660       0.4166666865348816       0.4500000178813934
  660       0.4166666865348816      -0.4500000178813934
  661       0.4464285969734192       0.4500000178813934
  661       0.4464285969734192      -0.4500000178813934
  662       0.4761904776096344       0.4500000178813934
  662       0.4761904776096344      -0.4500000178813934
  663       0.5059523582458496       0.4500000178813934
  663       0.5059523582458496      -0.4500000178813934
  664       0.5357142686843872       0.4500000178813934
  664       0.5357142686843872      -0.4500000178813934
  665       0.5654761791229248       0.4500000178813934
  665       0.5654761791229248      -0.4500000178813934
  666       0.5952380895614624       0.4500000178813934
  666       0.5952380895614624      -0.4500000178813934
  667       0.6250000000000000       0.4500000178813934
  667       0.6250000000000000      -0.4500000178813934
  668       0.6547619104385376       0.4500000178813934
  668       0.6547619104385376      -0.4500000178813934
  669       0.6845238208770752       0.4500000178813934
  669       0.6845238208770752      -0.4500000178813934
  670       0.7142857313156128       0.4500000178813934
  670       0.7142857313156128      -0.4500000178813934
  671       0.7440476417541504       0.4500000178813934
  671       0.7440476417541504      -0.4500000178813934
  672       0.7738095521926880       0.4500000178813934
  672       0.7738095521926880      -0.4500000178813934
  673       0.8035714030265808       0.4500000178813934
  673       0.8035714030265808      -0.4500000178813934
  674       0.8333333730697632       0.4500000178813934
  674       0.8333333730697632      -0.4500000178813934
  675       0.8630952239036560       0.4500000178813934
  675       0.8630952239036560      -0.4500000178813934
  676       0.8928571939468384       0.4500000178813934
  676       0.8928571939468384      -0.4500000178813934
  677       0.9226190447807312       0.4500000178813934
  677       0.9226190447807312      -0.4500000178813934
  678       0.9523809552192688       0.4500000178813934
  678       0.9523809552192688      -0.4500000178813934
  679       0.9821429252624512       0.4500000178813934
  679       0.9821429252624512      -0.4500000178813934
  680       1.0119047164916992       0.4500000178813934
  680       1.0119047164916992      -0.4500000178813934
  681       1.0416667461395264       0.4500000178813934
  681       1.0416667461395264      -0.4500000178813934
  682       1.0714285373687744       0.4500000178813934
  682       1.0714285373687744      -0.4500000178813934
  683       1.1011905670166016       0.4500000178813934
  683       1.1011905670166016      -0.4500000178813934
  684       1.1309523582458496       0.4500000178813934
  684       1.1309523582458496      -0.4500000178813934
  685       1.1607143878936768       0.4500000178813934
  685       1.1607143878936768      -0.4500000178813934
  686       1.1904761791229248       0.4500000178813934
  686       1.1904761791229248      -0.4500000178813934
  687       1.2202380895614624       0.4500000178813934
  687       1.2202380895614624      -0.4500000178813934
  688       1.2500000000000000       0.4500000178813934
  688       1.2500000000000000      -0.4500000178813934
  689       0.0000000000000000       0.4800000190734863
  689       0.0000000000000000      -0.4800000190734863
  690       0.0297619048506021       0.4800000190734863
  690       0.0297619048506021      -0.4800000190734863
  691       0.0595238097012043       0.4800000190734863
  691       0.0595238097012043      -0.4800000190734863
  692       0.0892857164144516       0.4800000190734863
  692       0.0892857164144516      -0.4800000190734863
  693       0.1190476194024086       0.4800000190734863
  693       0.1190476194024086      -0.4800000190734863
  694       0.1488095223903656       0.4800000190734863
  694       0.1488095223903656      -0.4800000190734863
  695       0.1785714328289032       0.4800000190734863
  695       0.1785714328289032      -0.4800000190734863
  696       0.2083333432674408       0.4800000190734863
  696       0.2083333432674408      -0.4800000190734863
  697       0.2380952388048172       0.4800000190734863
  697       0.2380952388048172      -0.4800000190734863
  698       0.2678571343421936       0.4800000190734863
  698       0.2678571343421936      -0.4800000190734863
  699       0.2976190447807312       0.4800000190734863
  699       0.2976190447807312      -0.4800000190734863
  700       0.3273809552192688       0.4800000190734863
  700       0.3273809552192688      -0.4800000190734863
  701       0.3571428656578064       0.4800000190734863
  701       0.3571428656578064      -0.4800000190734863
  702       0.3869047760963440       0.4800000190734863
  702       0.3869047760963440      -0.4800000190734863
  703       0.4166666865348816       0.4800000190734863
  703       0.4166666865348816      -0.4800000190734863
  704       0.4464285969734192       0.4800000190734863
  704       0.4464285969734192      -0.4800000190734863
  705       0.4761904776096344       0.4800000190734863
  705       0.4761904776096344      -0.4800000190734863
  706       0.5059523582458496       0.4800000190734863
  706       0.5059523582458496      -0.4800000190734863
  707       0.5357142686843872       0.4800000190734863
  707       0.5357142686843872      -0.4800000190734863
  708       0.5654761791229248       0.4800000190734863
  708       0.5654761791229248      -0.4800000190734863
  709       0.5952380895614624       0.4800000190734863
  709       0.5952380895614624      -0.4800000190734863
  710       0.6250000000000000       0.4800000190734863
  710       0.6250000000000000      -0.4800000190734863
  711       0.6547619104385376       0.4800000190734863
  711       0.6547619104385376      -0.4800000190734863
  712       0.6845238208770752       0.4800000190734863
  712       0.6845238208770752      -0.4800000190734863
  713       0.7142857313156128       0.4800000190734863
  713       0.7142857313156128      -0.4800000190734863
  714       0.7440476417541504       0.4800000190734863
  714       0.7440476417541504      -0.4800000190734863
  715       0.7738095521926880       0.4800000190734863
  715       0.7738095521926880      -0.4800000190734863
  716       0.8035714030265808       0.4800000190734863
  716       0.8035714030265808      -0.4800000190734863
  717       0.8333333730697632       0.4800000190734863
  717       0.8333333730697632      -0.4800000190734863
  718       0.8630952239036560       0.4800000190734863
  718       0.8630952239036560      -0.4800000190734863
  719       0.8928571939468384       0.4800000190734863
  719       0.8928571939468384      -0.4800000190734863
  720       0.9226190447807312       0.4800000190734863
  720       0.9226190447807312      -0.4800000190734863
  721       0.9523809552192688       0.4800000190734863
  721       0.9523809552192688      -0.4800000190734863
  722       0.9821429252624512       0.4800000190734863
  722       0.9821429252624512      -0.4800000190734863
  723       1.0119047164916992       0.4800000190734863
  723       1.0119047164916992      -0.4800000190734863
  724       1.0416667461395264       0.4800000190734863
  724       1.0416667461395264      -0.4800000190734863
  725       1.0714285373687744       0.4800000190734863
  725       1.0714285373687744      -0.4800000190734863
  726       1.1011905670166016       0.4800000190734863
  726       1.1011905670166016      -0.4800000190734863
  727       1.1309523582458496       0.4800000190734863
  727       1.1309523582458496      -0.4800000190734863
  728       1.1607143878936768       0.4800000190734863
  728       1.1607143878936768      -0.4800000190734863
  729       1.1904761791229248       0.4800000190734863
  729       1.1904761791229248      -0.4800000190734863
  730       1.2202380895614624       0.4800000190734863
  730       1.2202380895614624      -0.4800000190734863
  731       1.2500000000000000       0.4800000190734863
  731       1.2500000000000000      -0.4800000190734863
  732       0.0000000000000000       0.5100000500679016
  732       0.0000000000000000      -0.5100000500679016
  733       0.0297619048506021       0.5100000500679016
  733       0.0297619048506021      -0.5100000500679016
  734       0.0595238097012043       0.5100000500679016
  734       0.0595238097012043      -0.5100000500679016
  735       0.0892857164144516       0.5100000500679016
  735       0.0892857164144516      -0.5100000500679016
  736       0.1190476194024086       0.5100000500679016
  736       0.1190476194024086      -0.5100000500679016
  737       0.1488095223903656       0.5100000500679016
  737       0.1488095223903656      -0.5100000500679016
  738       0.1785714328289032       0.5100000500679016
  738       0.1785714328289032      -0.5100000500679016
  739       0.2083333432674408       0.5100000500679016
  739       0.2083333432674408      -0.5100000500679016
  740       0.2380952388048172       0.5100000500679016
  740       0.2380952388048172      -0.5100000500679016
  741       0.2678571343421936       0.5100000500679016
  741       0.2678571343421936      -0.5100000500679016
  742       0.2976190447807312       0.5100000500679016
  742       0.2976190447807312      -0.5100000500679016
  743       0.3273809552192688       0.5100000500679016
  743       0.3273809552192688      -0.5100000500679016
  744       0.3571428656578064       0.5100000500679016
  744       0.3571428656578064      -0.5100000500679016
  745       0.3869047760963440       0.5100000500679016
  745       0.3869047760963440      -0.5100000500679016
  746       0.4166666865348816       0.5100000500679016
  746       0.4166666865348816      -0.5100000500679016
  747       0.4464285969734192       0.5100000500679016
  747       0.4464285969734192      -0.5100000500679016
  748       0.4761904776096344       0.5100000500679016
  748       0.4761904776096344      -0.5100000500679016
  749       0.5059523582458496       0.5100000500679016
  749       0.5059523582458496      -0.5100000500679016
  750       0.5357142686843872       0.5100000500679016
  750       0.5357142686843872      -0.5100000500679016
  751       0.5654761791229248       0.5100000500679016
  751       0.5654761791229248      -0.5100000500679016
  752       0.5952380895614624       0.5100000500679016
  752       0.5952380895614624      -0.5100000500679016
  753       0.6250000000000000       0.5100000500679016
  753       0.6250000000000000      -0.5100000500679016
  754       0.6547619104385376       0.5100000500679016
  754       0.6547619104385376      -0.5100000500679016
  755       0.6845238208770752       0.5100000500679016
  755       0.6845238208770752      -0.5100000500679016
  756       0.7142857313156128       0.5100000500679016
  756       0.7142857313156128      -0.5100000500679016
  757       0.7440476417541504       0.5100000500679016
  757       0.7440476417541504      -0.5100000500679016
  758       0.7738095521926880       0.5100000500679016
  758       0.7738095521926880      -0.5100000500679016
  759       0.8035714030265808       0.5100000500679016
  759       0.8035714030265808      -0.5100000500679016
  760       0.8333333730697632       0.5100000500679016
  760       0.8333333730697632      -0.5100000500679016
  761       0.8630952239036560       0.5100000500679016
  761       0.8630952239036560      -0.5100000500679016
  762       0.8928571939468384       0.5100000500679016
  762       0.8928571939468384      -0.5100000500679016
  763       0.9226190447807312       0.5100000500679016
  763       0.9226190447807312      -0.5100000500679016
  764       0.9523809552192688       0.5100000500679016
  764       0.9523809552192688      -0.5100000500679016
  765       0.9821429252624512       0.5100000500679016
  765       0.9821429252624512      -0.5100000500679016
  766       1.0119047164916992       0.5100000500679016
  766       1.0119047164916992      -0.5100000500679016
  767       1.0416667461395264       0.5100000500679016
  767       1.0416667461395264      -0.5100000500679016
  768       1.0714285373687744       0.5100000500679016
  768       1.0714285373687744      -0.5100000500679016
  769       1.1011905670166016       0.5100000500679016
  769       1.1011905670166016      -0.5100000500679016
  770       1.1309523582458496       0.5100000500679016
  770       1.1309523582458496      -0.5100000500679016
  771       1.1607143878936768       0.5100000500679016
  771       1.1607143878936768      -0.5100000500679016
  772       1.1904761791229248       0.5100000500679016
  772       1.1904761791229248      -0.5100000500679016
  773       1.2202380895614624       0.5100000500679016
  773       1.2202380895614624      -0.5100000500679016
  774       1.2500000000000000       0.5100000500679016
  774       1.2500000000000000      -0.5100000500679016
  775       0.0000000000000000       0.5400000214576721
  775       0.0000000000000000      -0.5400000214576721
  776       0.0297619048506021       0.5400000214576721
  776       0.0297619048506021      -0.5400000214576721
  777       0.0595238097012043       0.5400000214576721
  777       0.0595238097012043      -0.5400000214576721
  778       0.0892857164144516       0.5400000214576721
  778       0.0892857164144516      -0.5400000214576721
  779       0.1190476194024086       0.5400000214576721
  779       0.1190476194024086      -0.5400000214576721
  780       0.1488095223903656       0.5400000214576721
  780       0.1488095223903656      -0.5400000214576721
  781       0.1785714328289032       0.5400000214576721
  781       0.1785714328289032      -0.5400000214576721
  782       0.2083333432674408       0.5400000214576721
  782       0.2083333432674408      -0.5400000214576721
  783       0.2380952388048172       0.5400000214576721
  783       0.2380952388048172      -0.5400000214576721
  784       0.2678571343421936       0.5400000214576721
  784       0.2678571343421936      -0.5400000214576721
  785       0.2976190447807312       0.5400000214576721
  785       0.2976190447807312      -0.5400000214576721
  786       0.3273809552192688       0.5400000214576721
  786       0.3273809552192688      -0.5400000214576721
  787       0.3571428656578064       0.5400000214576721
  787       0.3571428656578064      -0.5400000214576721
  788       0.3869047760963440       0.5400000214576721
  788       0.3869047760963440      -0.5400000214576721
  789       0.4166666865348816       0.5400000214576721
  789       0.4166666865348816      -0.5400000214576721
  790       0.4464285969734192       0.5400000214576721
  790       0.4464285969734192      -0.5400000214576721
  791       0.4761904776096344       0.5400000214576721
  791       0.4761904776096344      -0.5400000214576721
  792       0.5059523582458496       0.5400000214576721
  792       0.5059523582458496      -0.5400000214576721
  793       0.5357142686843872       0.5400000214576721
  793       0.5357142686843872      -0.5400000214576721
  794       0.5654761791229248       0.5400000214576721
  794       0.5654761791229248      -0.5400000214576721
  795       0.5952380895614624       0.5400000214576721
  795       0.5952380895614624      -0.5400000214576721
  796       0.6250000000000000       0.5400000214576721
  796       0.6250000000000000      -0.5400000214576721
  797       0.6547619104385376       0.5400000214576721
  797       0.6547619104385376      -0.5400000214576721
  798       0.6845238208770752       0.5400000214576721
  798       0.6845238208770752      -0.5400000214576721
  799       0.7142857313156128       0.5400000214576721
  799       0.7142857313156128      -0.5400000214576721
  800       0.7440476417541504       0.5400000214576721
  800       0.7440476417541504      -0.5400000214576721
  801       0.7738095521926880       0.5400000214576721
  801       0.7738095521926880      -0.5400000214576721
  802       0.8035714030265808       0.5400000214576721
  802       0.8035714030265808      -0.5400000214576721
  803       0.8333333730697632       0.5400000214576721
  803       0.8333333730697632      -0.5400000214576721
  804       0.8630952239036560       0.5400000214576721
  804       0.8630952239036560      -0.5400000214576721
  805       0.8928571939468384       0.5400000214576721
  805       0.8928571939468384      -0.5400000214576721
  806       0.9226190447807312       0.5400000214576721
  806       0.9226190447807312      -0.5400000214576721
  807       0.9523809552192688       0.5400000214576721
  807       0.9523809552192688      -0.5400000214576721
  808       0.9821429252624512       0.5400000214576721
  808       0.9821429252624512      -0.5400000214576721
  809       1.0119047164916992       0.5400000214576721
  809       1.0119047164916992      -0.5400000214576721
  810       1.0416667461395264       0.5400000214576721
  810       1.0416667461395264      -0.5400000214576721
  811       1.0714285373687744       0.5400000214576721
  811       1.0714285373687744      -0.5400000214576721
  812       1.1011905670166016       0.5400000214576721
  812       1.1011905670166016      -0.5400000214576721
  813       1.1309523582458496       0.5400000214576721
  813       1.1309523582458496      -0.5400000214576721
  814       1.1607143878936768       0.5400000214576721
  814       1.1607143878936768      -0.5400000214576721
  815       1.1904761791229248       0.5400000214576721
  815       1.1904761791229248      -0.5400000214576721
  816       1.2202380895614624       0.5400000214576721
  816       1.2202380895614624      -0.5400000214576721
  817       1.2500000000000000       0.5400000214576721
  817       1.2500000000000000      -0.5400000214576721
  818       0.0000000000000000       0.5699999928474426
  818       0.0000000000000000      -0.5699999928474426
  819       0.0297619048506021       0.5699999928474426
  819       0.0297619048506021      -0.5699999928474426
  820       0.0595238097012043       0.5699999928474426
  820       0.0595238097012043      -0.5699999928474426
  821       0.0892857164144516       0.5699999928474426
  821       0.0892857164144516      -0.5699999928474426
  822       0.1190476194024086       0.5699999928474426
  822       0.1190476194024086      -0.5699999928474426
  823       0.1488095223903656       0.5699999928474426
  823       0.1488095223903656      -0.5699999928474426
  824       0.1785714328289032       0.5699999928474426
  824       0.1785714328289032      -0.5699999928474426
  825       0.2083333432674408       0.5699999928474426
  825       0.2083333432674408      -0.5699999928474426
  826       0.2380952388048172       0.5699999928474426
  826       0.2380952388048172      -0.5699999928474426
  827       0.2678571343421936       0.5699999928474426
  827       0.2678571343421936      -0.5699999928474426
  828       0.2976190447807312       0.5699999928474426
  828       0.2976190447807312      -0.5699999928474426
  829       0.3273809552192688       0.5699999928474426
  829       0.3273809552192688      -0.5699999928474426
  830       0.3571428656578064       0.5699999928474426
  830       0.3571428656578064      -0.5699999928474426
  831       0.3869047760963440       0.5699999928474426
  831       0.3869047760963440      -0.5699999928474426
  832       0.4166666865348816       0.5699999928474426
  832       0.4166666865348816      -0.5699999928474426
  833       0.4464285969734192       0.5699999928474426
  833       0.4464285969734192      -0.5699999928474426
  834       0.4761904776096344       0.5699999928474426
  834       0.4761904776096344      -0.5699999928474426
  835       0.5059523582458496       0.5699999928474426
  835       0.5059523582458496      -0.5699999928474426
  836       0.5357142686843872       0.5699999928474426
  836       0.5357142686843872      -0.5699999928474426
  837       0.5654761791229248       0.5699999928474426
  837       0.5654761791229248      -0.5699999928474426
  838       0.5952380895614624       0.5699999928474426
  838       0.5952380895614624      -0.5699999928474426
  839       0.6250000000000000       0.5699999928474426
  839       0.6250000000000000      -0.5699999928474426
  840       0.6547619104385376       0.5699999928474426
  840       0.6547619104385376      -0.5699999928474426
  841       0.6845238208770752       0.5699999928474426
  841       0.6845238208770752      -0.5699999928474426
  842       0.7142857313156128       0.5699999928474426
  842       0.7142857313156128      -0.5699999928474426
  843       0.7440476417541504       0.5699999928474426
  843       0.7440476417541504      -0.5699999928474426
  844       0.7738095521926880       0.5699999928474426
  844       0.7738095521926880      -0.5699999928474426
  845       0.8035714030265808       0.5699999928474426
  845       0.8035714030265808      -0.5699999928474426
  846       0.8333333730697632       0.5699999928474426
  846       0.8333333730697632      -0.5699999928474426
  847       0.8630952239036560       0.5699999928474426
  847       0.8630952239036560      -0.5699999928474426
  848       0.8928571939468384       0.5699999928474426
  848       0.8928571939468384      -0.5699999928474426
  849       0.9226190447807312       0.5699999928474426
  849       0.9226190447807312      -0.5699999928474426
  850       0.9523809552192688       0.5699999928474426
  850       0.9523809552192688      -0.5699999928474426
  851       0.9821429252624512       0.5699999928474426
  851       0.9821429252624512      -0.5699999928474426
  852       1.0119047164916992       0.5699999928474426
  852       1.0119047164916992      -0.5699999928474426
  853       1.0416667461395264       0.5699999928474426
  853       1.0416667461395264      -0.5699999928474426
  854       1.0714285373687744       0.5699999928474426
  854       1.0714285373687744      -0.5699999928474426
  855       1.1011905670166016       0.5699999928474426
  855       1.1011905670166016      -0.5699999928474426
  856       1.1309523582458496       0.5699999928474426
  856       1.1309523582458496      -0.5699999928474426
  857       1.1607143878936768       0.5699999928474426
  857       1.1607143878936768      -0.5699999928474426
  858       1.1904761791229248       0.5699999928474426
  858       1.1904761791229248      -0.5699999928474426
  859       1.2202380895614624       0.5699999928474426
  859       1.2202380895614624      -0.5699999928474426
  860       1.2500000000000000       0.5699999928474426
  860       1.2500000000000000      -0.5699999928474426
  861       0.0000000000000000       0.6000000238418579
  861       0.0000000000000000      -0.6000000238418579
  862       0.0297619048506021       0.6000000238418579
  862       0.0297619048506021      -0.6000000238418579
  863       0.0595238097012043       0.6000000238418579
  863       0.0595238097012043      -0.6000000238418579
  864       0.0892857164144516       0.6000000238418579
  864       0.0892857164144516      -0.6000000238418579
  865       0.1190476194024086       0.6000000238418579
  865       0.1190476194024086      -0.6000000238418579
  866       0.1488095223903656       0.6000000238418579
  866       0.1488095223903656      -0.6000000238418579
  867       0.1785714328289032       0.6000000238418579
  867       0.1785714328289032      -0.6000000238418579
  868       0.2083333432674408       0.6000000238418579
  868       0.2083333432674408      -0.6000000238418579
  869       0.2380952388048172       0.6000000238418579
  869       0.2380952388048172      -0.6000000238418579
  870       0.2678571343421936       0.6000000238418579
  870       0.2678571343421936      -0.6000000238418579
  871       0.2976190447807312       0.6000000238418579
  871       0.2976190447807312      -0.6000000238418579
  872       0.3273809552192688       0.6000000238418579
  872       0.3273809552192688      -0.6000000238418579
  873       0.3571428656578064       0.6000000238418579
  873       0.3571428656578064      -0.6000000238418579
  874       0.3869047760963440       0.6000000238418579
  874       0.3869047760963440      -0.6000000238418579
  875       0.4166666865348816       0.6000000238418579
  875       0.4166666865348816      -0.6000000238418579
  876       0.4464285969734192       0.6000000238418579
  876       0.4464285969734192      -0.6000000238418579
  877       0.4761904776096344       0.6000000238418579
  877       0.4761904776096344      -0.6000000238418579
  878       0.5059523582458496       0.6000000238418579
  878       0.5059523582458496      -0.6000000238418579
  879       0.5357142686843872       0.6000000238418579
  879       0.5357142686843872      -0.6000000238418579
  880       0.5654761791229248       0.6000000238418579
  880       0.5654761791229248      -0.6000000238418579
  881       0.5952380895614624       0.6000000238418579
  881       0.5952380895614624      -0.6000000238418579
  882       0.6250000000000000       0.6000000238418579
  882       0.6250000000000000      -0.6000000238418579
  883       0.6547619104385376       0.6000000238418579
  883       0.6547619104385376      -0.6000000238418579
  884       0.6845238208770752       0.6000000238418579
  884       0.6845238208770752      -0.6000000238418579
  885       0.7142857313156128       0.6000000238418579
  885       0.7142857313156128      -0.6000000238418579
  886       0.7440476417541504       0.6000000238418579
  886       0.7440476417541504      -0.6000000238418579
  887       0.7738095521926880       0.6000000238418579
  887       0.7738095521926880      -0.6000000238418579
  888       0.8035714030265808       0.6000000238418579
  888       0.8035714030265808      -0.6000000238418579
  889       0.8333333730697632       0.6000000238418579
  889       0.8333333730697632      -0.6000000238418579
  890       0.8630952239036560       0.6000000238418579
  890       0.8630952239036560      -0.6000000238418579
  891       0.8928571939468384       0.6000000238418579
  891       0.8928571939468384      -0.6000000238418579
  892       0.9226190447807312       0.6000000238418579
  892       0.9226190447807312      -0.6000000238418579
  893       0.9523809552192688       0.6000000238418579
  893       0.9523809552192688      -0.6000000238418579
  894       0.9821429252624512       0.6000000238418579
  894       0.9821429252624512      -0.6000000238418579
  895       1.0119047164916992       0.6000000238418579
  895       1.0119047164916992      -0.6000000238418579
  896       1.0416667461395264       0.6000000238418579
  896       1.0416667461395264      -0.6000000238418579
  897       1.0714285373687744       0.6000000238418579
  897       1.0714285373687744      -0.6000000238418579
  898       1.1011905670166016       0.6000000238418579
  898       1.1011905670166016      -0.6000000238418579
  899       1.1309523582458496       0.6000000238418579
  899       1.1309523582458496      -0.6000000238418579
  900       1.1607143878936768       0.6000000238418579
  900       1.1607143878936768      -0.6000000238418579
  901       1.1904761791229248       0.6000000238418579
  901       1.1904761791229248      -0.6000000238418579
  902       1.2202380895614624       0.6000000238418579
  902       1.2202380895614624      -0.6000000238418579
  903       1.2500000000000000       0.6000000238418579
  903       1.2500000000000000      -0.6000000238418579
