   279.932180     0.715786
   -16.257701     0.742189
   622.091993     0.772786
   267.783685     0.801185
   685.462367     0.831588
   377.900842     0.860880
   482.227032     0.891144
   256.970711     0.920579
   313.513104     0.950721
   154.115413     0.980232
   183.937066     1.010297
    60.828569     1.039856
    67.163358     1.069868
   -24.681373     1.099464
    28.220786     1.129451
   -24.941152     1.159206
    26.476790     1.189134
   -19.643824     1.218995
    18.960720     1.248913
