   620.070513     0.715786
   367.152937     0.742189
   817.228492     0.772786
   583.605054     0.801185
   602.323031     0.831588
   504.005637     0.860880
   154.353085     0.891144
   194.912265     0.920579
   -13.919190     0.950721
    14.471801     0.980232
  -150.893534     1.010297
  -138.380561     1.039856
  -307.983324     1.069868
  -362.014223     1.099464
  -355.146982     1.129451
  -402.222746     1.159206
  -357.263990     1.189134
  -401.480146     1.218995
  -364.445327     1.248913
